c_img_0 masking run:
mean: 0.12887698
thresh: 0.062136
voxels: 7643
hash: 313

c_text_0 masking run:
mean: 0.102372035
thresh: 0.067784
voxels: 6650
hash: 316

c_img_0 decoder run:
model: 318_model_c_img_0.pt
hash: 318
thresh: 0.062136
voxels: 7643

c_text_0 decoder run:
model: 319_model_c_text_0.pt
thresh: 0.067784
voxels: 6650
hash: 319